00000000000010000000000101
00000000001010000000001100
00000000011000000000010000
00000000100000000000010100
00000000101000000000011000
00000000110000000000011110
00000000111100000000100010
00000001000100000000100110
00000001001100000000101010
00000001010100000000101111
00000001011110000000110100
00000001101000000000111000
00000001110000000000111110
00000001111100000001000010
00000010000100000001000111
00000010001110000001001011
00000010010110000001001111
00000010011110000001010101
00000010101010000001011010
00000010110100000001011110
00000010111100000001100011
00000011000110000001101000
00000011010000000001101101
00000011011010000001110001
00000011100010000001110110
00000011101100000001111100
00000011111000000010000000
00000100000000000010000101
00000100001010000010001001
00000100010010000010001110
00000100011100000010010010
00000100100100000010010110
00000100101100000010011010
00000100110100000010011111
00000100111110000010100100
00000101001000000010101011
00000101010110000010110001
00000101100010000010110101
00000101101010000010111011
00000101110110000011000000
00000110000000000011000101
00000110001010000011001011
00000110010110000011010000
00000110100000000011010100
00000110101000000011011001
00000110110010000011011101
00000110111010000011100001
00000111000010000011100111
00000111001110000011101100
00000111011000000011110000
00000111100000000011110100
00000111101000000011111010
00000111110100000011111110
00000111111100000100000010
00001000000100000100000111
00001000001110000100001011
00001000010110000100001111
00001000011110000100010100
00001000101000000100011001
00001000110010000100011101
00001000111010000100100001
00001001000010000100100111
00001001001110000100101101
00001001011010000100110010
00001001100100000100110110
00001001101100000100111010
00001001110100000100111110
00001001111100000101000101
00001010001010000101001010
00001010010100000101001111
00001010011110000101010101
00001010101010000101011001
00001010110010000101011110
00001010111100000101100010
00001011000100000101100111
00001011001110000101101101
00001011011010000101110001
00001011100010000101110101
00001011101010000101111001
00001011110010000101111101
00001011111010000110000101
00001100001010000110001001
00001100010010000110001111
00001100011110000110010011
00001100100110000110011000
00001100110000000110011110
00001100111100000110100011
00001101000110000110100111
00001101001110000110101100
00001101011000000110110000
00001101100000000110110100
00001101101000000110111001
00001101110010000110111111
00001101111110000111000011
00001110000110000111001000
00001110010000000111001101
00001110011010000111010010
00001110100100000111011000
00001110110000000111011100
00001110111000000111100001
