0011111000000010000000011110001011111
0011111001000010000000011110001011111
0011111001000011110000100011001001110
0011111011000011110001001110001010101
0011111011001001110001010101001011111
0011111000000001000000110111001100100
0011111100000001000000110111001011111
0011111000000001001000110100001100100
0011111100000001001001001001001100100
0011111011000001000000001001000110100
0011111000000100110001000010001010011
0011111001000100110001010011001010111
0011111101000110100001010011001010111
0011111100001000010001001010001010011
0011111011000110100001000010001011001
0011111101000110100001001001001011001
0011111101000110100001001001001001010
0011111111000001000001001001001011111
0011111010000101000000110111001011010
0011111011000101000000110111001011010
0011111000000011001000100011001010010
0011111101000011001001010010001011010
0011111111000110111001010010001011010
0011111000000001011001001011001010100
0011111010000001011001001011001100000
0011111110000010111001001011001100000
0011111101000001011000010111000100011
0011111001000010111000011101001000001
0011111110000011101000100011001000001
0011111011000010111000011101001010100
0011111001000100011000110110001000110
0011111001000110110001000110001001101
0011111110000010011001001101001010100
0011111011000010011000110110001000110
0011111000000010110001000100001010001
0011111001000010110000110000001010001
0011111011000010110000110000001011101
0011111110000000011000110000001011101
0011111100000000111000010010001010001
0011111101000000111000111000001010001
0011111100000000011000010010000111000
0011111001000010010000101111001000100
0011111111000010010000101111001010001
0011111001000000011001000100001001101
0011111111000000011001001101001010100
0011111110000010011001000100001000110
0011111011000010011001000100001001010
0011111111001000100001000110001001010
0011111100000110110000111101000111110
0011111100000110010000110101000111110
0011111101000110010000111101000111110
0011111001000011011000111000001011101
0011111000000000100000001110001001100
0011111010000000100001001100001100000
0011111001000000100000001110001010000
0011111011000001110001000100001010000
0011111111000001010000100111001011001
0011111100000000001000110001001010001
0011111100000000001000011010000110001
0011111110000010001000011010000110001
0011111101000000001000010001000101000
0011111100000010000000110011001011001
0011111001000001001000111001000111100
0011111100000001100000101101000110011
0011111000000000010000001100001000101
0011111010000000010000001100000101000
0011111011000001100000110011001000101
0011111101000100001000111100001100010
0011111110000000101000100000001000010
0011111110000000010000101111001100100
0011111001000101010001000000001010011
0011111110000010100000101010001000000
0011111010000010100000110000001100010
0011111001000010100000110010001100010
0011111011000100000000110010001100010
0011111101000011000000100101001001001
0011111111000011000000100101001100100
0011111001000111001001000111001010001
0011111101000100101000101000001011011
0011111000000011111000101010001010001
0011111001000011111000101010001001000
0011111101000011111000101010001001000
0011111010000000111000010011000011001
0011111111000000001000011001001011110
0011111011000001111000101100001001111
0011111001000000110000011111000101110
0011111001000100111000101001001011000
0011111010000011100000100111000101011
0011111110000011100000101011001011000
0011111111000000100000011100001011000
0011111111000011110000100111000101001
0011111001000011101000100001001011000
0011111001000010000000010101001011110
0011111001000001010000011010000111110
0011111011000001011001000000001010110
0011111011000000110000101001001001100
0011111010000100110000101110001011101
0011111010000011010000100101001011110
0011111101000011010000110101001001111
0011111100001001110001010111001011110
0011111100001000001001001100001010111
0011111100000010111000110011000111110
0011111011000001011000100100000111001
0011111100000101001000111011001000001
0011111101000111000001001000001011011
0011111110000001101000010100000101110
0011111001000001101000001111001001111
0011111101000010001000101111000111100
0011111011000001101000101100001100011
0011111011000000111000100110001000011
0011111010000100101000110001000111110
0011111111000001110000010001001001111
0011111111000001101000001111000010110
0011111110000100000000100001000100010
0011111000000011000000101101000110000
0011111100000010101000011000000110000
0011111101000100100001000000001010101
0011111010000001010000111101001000011
0011111001000000101000101100000111011
0011111111001010000001010101001100011
0011111100000000110000100101001100001
0011111011000010101000100010001000000
0011111001000000101000101100000101110
0011111010000111010001001100001100001
0011111011000010101000100100001001011
0011111101000001111000111010000111011
0011111111000111010001001100001100011
0011111001000000010000001111000100001
0011111101000011010000100010000111001
0011111111000010010001010010001011100
0011111110000011011001010000001100001
0011111000000000110000100000000111111
0011111011000100010001010110001011100
0011111010000001101000111101001100001
0011111101000011100000101011001100010
0011111100000000101000100111001010110
0011111010000100111000101101001011100
0011111010000011011000101011001100001
0011111110000001101000111010001010110
0011111111000011100001000011001011101
0011111001001000101001010101001100011
0011111100000101010001000111001001000
0011111110000001010000011011000111111
0011111101000111011000111111001010011
0011111100000100100001010110001100000
0011111001000000010000100100001001011
0011111011000111011001000111001011001
0011111010000100100001000011001011011
0011111010000100100000111100000111111
0011111101000111111001011011001011101
0011111000000011001001010111001011100
0011111101000010101000110001001000111
0011111001000000010000001010000010110
0011111010000000110000010010000101001
0011111100000000110001000111001011100
0011111111000110101001000101001000111
0011111111000000010000110101000111010
0011111110000101011000101101001100000
0011111110000100010000101101001000101
0011111110000111111001010110001100010
