0000000010
0000000100
0000000110
0000001000
0000001010
0000001101
0000001111
0000010001
0000010010
0000010100
0000010111
0000011001
0000011011
0000011100
0000011111
0000100001
0000100011
0000100100
0000100110
0000101001
0000101011
0000101101
0000101111
0000110001
0000110010
0000110100
0000110110
0000111001
0000111011
0000111101
0000111111
0001000001
0001000011
0001000101
0001000111
0001001000
0001001010
0001001100
0001001111
0001010001
0001010010
0001010101
0001010110
0001011000
0001011010
0001011101
0001011110
0001100001
0001100010
0001100101
0001100111
0001101001
0001101010
0001101101
0001101111
0001110000
0001110010
0001110101
0001110111
0001111000
0001111011
0001111100
0001111111
0010000000
0010000010
0010000100
0010000110
0010001000
0010001010
0010001100
0010001110
0010010001
0010010010
0010010101
0010010111
0010011001
0010011010
0010011100
0010011110
0010100001
0010100011
0010100101
0010100110
0010101001
0010101011
0010101100
0010101110
0010110000
0010110011
0010110101
0010110110
0010111001
0010111010
0010111101
0010111110
0011000000
0011000011
0011000101
0011000111
0011001001
